PSNR: 11.587602660904718
SSIM: 0.36943272
RMSE: 0.26932573
FID: 24.797419273203673
SD: 0.0035560655190147636
lpips: 0.43838702447843253